tour-length: 184142.49208
min-height: 24.72104866
num-control-points 75
