tour-length: 186717.225293
min-height: 25.4770580913
num-control-points 74
